#dimensiunea contextului
50 50
#viteza min/max
3 8
#numarul de noduri / pub-uri / others
6 5 12
#nodurile: id, homeX, homeY, workX, workY
1 1 2 33 23
2 25 6 12 3
3 12 45 5 39
4 4 29 33 23
5 10 10 5 39
6 35 1 3 39
#7 49 49 42 18
#8 17 38 42 18
#9 3 44 42 18
#10 22 21 17 9
#pub-urile: id, pubX, pubY
1 29 26
2 5 4
3 16 42
4 43 9
5 35 35
#others: otherX, otherY
19 2
31 10
4 15
48 17
6 21
16 26
44 29
9 35
26 34
31 41
19 46
44 47
#relatiile de prietenie dintre noduri
1 3 5
2 4 6
3 1 4
4 2 3 5
5 1 4
6 2
#7 1
#8 3
#9 1
#numarul maxim de zile in care nodurile nu se vad, dar raman prieteni
10
#sansele ca un nod sa se imprieteneasca cu prietenii prietenului lui [1 - 100]
50
#obstacole: obstacleX, obstacleX
10 2
10 3
10 4
10 5
6 7
7 7
8 7
9 7
10 7
11 7
12 7
13 7
14 7
15 7
16 7
17 7
18 7
19 7
20 7
39 3
39 4
39 5
39 6
18 13
19 13
20 13
21 13
22 13
38 13
39 13
40 13
41 13
42 13
43 13
44 13
45 13
46 13
47 13
49 13
4 20
5 20
6 20
7 20
8 20
9 20
10 20
11 20
16 17
16 18
16 19
16 20
16 21
16 22
16 23
10 31
11 31
12 31
13 31
14 31
15 31
16 31
17 31
18 31
31 31
32 31
33 31
34 31
38 27
38 28
38 29
38 30
38 31
38 32
5 32
5 33
5 34
5 35
27 38
28 38
29 38
30 38
31 38
32 38
33 38
34 38
35 38
36 38
37 38
38 38
39 38
40 38
41 38
43 40
44 40
45 40
46 40
47 40
7 41
7 42
7 43
7 44
7 45
23 41
23 42
23 43
23 44
5 49
6 49
7 49
8 49
9 49
10 49
11 49
12 49
13 49
14 49
15 49
16 49
17 49
18 49
19 49
20 49
21 49
22 49
23 49
36 44
36 45
36 46
36 47
36 48
43 0
43 1
43 2
43 3
43 4
43 5
44 5
45 5
46 5
47 5
48 5
49 5
10 30
10 29
10 28
10 27
10 26
10 25
10 24
9 24
8 24
20 18
20 19
20 20
20 21
20 22
21 22
22 22
23 22
24 22
24 21
24 20
24 19
24 18