#dimensiunea contextului
150 150
#viteza min/max
3 8
#numarul de noduri / pub-uri / others
50 15 25
#nodurile: id, homeX, homeY, workX, workY
1 59 86 46 72
2 75 65 124 83
3 21 67 27 39
4 71 30 7 112
5 48 135 75 139
6 98 43 131 120
7 121 22 113 109
8 94 87 136 3
9 77 136 45 26
10 52 28 81 102
11 145 8 0 77
12 64 73 28 66
13 121 28 127 48
14 34 121 91 138
15 21 45 70 143
16 29 119 148 81
17 20 65 112 2
18 144 5 109 130
19 41 144 137 44
20 95 94 120 109
21 101 42 102 13
22 18 67 90 37
23 97 149 110 118
24 42 28 51 58
25 9 119 143 78
26 144 6 16 135
27 145 57 18 50
28 125 24 3 8
29 27 41 103 72
30 21 143 14 85
31 149 98 32 18
32 44 103 47 43
33 73 9 128 116
34 139 20 2 16
35 127 49 33 120
36 20 48 42 17
37 8 63 116 112
38 17 57 127 67
39 96 69 46 40
40 75 80 34 27
41 107 38 27 18
42 102 22 48 83
43 34 76 70 11
44 28 51 96 93
45 78 2 2 94
46 126 74 145 78
47 3 113 10 149
48 90 65 110 8
49 48 32 75 18
50 37 145 52 124
#pub-urile: id, pubX, pubY
1 77 101
2 86 48
3 0 86
4 142 129
5 79 105
6 73 39
7 83 25
8 80 105
9 84 115
10 91 15
11 72 24
12 62 97
13 62 107
14 31 98
15 85 53
#others: otherX, otherY
45 17
28 132
26 121
103 99
123 49
70 19
93 15
60 117
111 1
110 60
146 144
54 54
60 115
80 29
2 79
70 128
115 85
67 6
77 66
24 40
58 114
44 11
13 11
43 122
71 113
#relatiile de prietenie dintre noduri
1 46
2 37 31
3 12 5 18
4 9
5 39 9
6 1
7 28 19 11
8 44 6 49 47
9 31 30
10 46 30 22 13
11 45 16 46 35
12 9 15
13 3 17 9
14 45 12 25
15 3 20 29
16 39 34 30
17 39 48 28
18 43
19 28 50 32
20 17 10 14 8
21 7 13 43 49
22 1 43
23 16 30
24 50 8 12
25 11 3 46
26 43 23 30
27 43 42 33
28 30
29 4 7 10 36
30 28 17
31 48 45 23
32 43 20 8
33 4 34 35 3
34 29 2 47
35 13 24
36 38
37 2 34
38 27 6
39 21 49 5
40 15 19 7
41 20 8
42 28 26
43 25 27
44 45 6
45 27 15
46 21 28 38
47 46 23
48 31 24 11
49 6 41 5 1
50 37 19 14 28
#numarul maxim de zile in care nodurile nu se vad, dar raman prieteni
10
#sansele ca un nod sa se imprieteneasca cu prietenii prietenului lui [1 - 100]
50
#obstacole: obstacleX, obstacleY
69 1
34 129
94 12
68 130
131 88
111 119
145 90
45 30
38 9
107 99
101 28
88 95
40 27
68 107
15 110
92 92
7 115
64 2
79 149
83 128
32 55
86 35
20 108
32 82
18 16
130 105
1 94
45 137
5 64
140 118
49 116
124 30
143 43
27 88
69 103
34 2
4 68
32 50
17 34
134 52
5 50
58 62
50 58
26 109
73 41
102 104
137 89
43 45
121 1
4 81
107 66
67 39
107 75
34 100
119 49
117 116
9 25
44 144
109 112
2 147
97 128
121 95
9 52
116 7
15 104
90 125
102 90
98 138
74 28
128 17
130 36
51 44
87 74
142 19
60 138
33 139
48 11
57 87
78 137
66 1
94 90
131 139
19 96
87 69
149 62
67 20
142 23
24 49
64 103
25 130
58 38
26 85
78 141
125 73
20 29
103 45
48 109
79 124
40 105
102 89
48 127
143 117
35 26
135 113
147 87
116 127
54 143
120 88
53 98
80 24
120 106
32 133
42 25
66 144
113 94
102 57
78 136
101 101
54 17
4 34
131 147
143 121
107 55
80 28
38 59
26 75
145 32
16 147
36 125
110 74
48 90
125 72
85 8
146 113
112 129
93 97
139 64
85 111
86 76
58 14
74 129
138 132
123 3
96 135
13 128
0 27
20 5
5 123
106 35
72 42
69 144
2 63
135 98
99 23
117 68
85 97
148 46
129 42
45 70
54 146
89 76
78 76
110 19
133 21
86 98
89 103
82 64
40 67
100 118
17 111
40 94
33 73
33 82
105 98
14 50
20 139
19 3
34 141
30 3
82 50
134 97
9 84
47 110
44 41
135 70
107 8
76 11
147 62
97 43
65 20
34 51
68 16
114 123
66 83
139 67
113 33
1 102
91 5
55 82
125 25
36 87
119 112
92 95
143 42
84 2
72 18
15 149
50 125
141 145
14 13
145 115
105 79
140 27
107 97
15 23
79 26
18 28
134 96
15 126
38 137
15 144
33 40
27 118
73 103
130 67
41 147
4 107
87 123
4 125
147 146
48 33
99 115
9 60
129 125
80 110
33 35
0 123
57 1
32 75
53 107
111 66
40 24
5 66
46 113
15 125
51 47
30 113
19 113
3 16
31 96
149 79
90 11
88 78
88 96
28 54
8 81
85 35
41 123
134 31
96 77
123 12
120 123
111 65
26 79
97 130
40 23
7 102
147 5
24 20
82 141
107 45
40 144
117 95
135 143
34 97
92 29
47 39
57 71
117 122
9 31
49 67
68 80
104 12
140 105
15 83
135 8
133 84
63 96
94 83
16 11
138 46
86 8
6 137
126 53
106 84
119 14
117 99
45 92
120 95
10 134
51 135
22 117
145 26
135 12
134 133
85 2
28 133
11 71
130 10
103 65
126 39
62 131
2 89
99 49
62 149
38 48
108 134
69 26
131 10
46 70
61 31
18 60
104 11
81 9
79 85
113 96
62 23
9 124
112 118
9 142
33 72
131 140
53 50
75 96
62 126
14 67
22 80
66 123
38 52
144 42
42 22
7 64
102 63
29 97
130 18
136 70
20 124
145 146
73 148
46 51
97 96
70 97
11 20
82 80
5 134
130 4
4 26
52 75
21 106
99 16
62 125
3 48
62 134
149 102
132 31
128 79
54 130
20 137
43 102
66 104
133 41
119 115
102 44
76 144
73 8
75 36
114 27
87 10
124 59
42 115
127 82
93 80
93 89
132 26
130 102
47 76
43 124
63 48
143 40
95 9
143 58
49 140
15 147
127 68
136 46
105 77
139 42
109 47
0 149
103 134